1
2
3
10
14
15
17
18
20
23
25
26
27
28
30
33
39
40
41
42
43
44
45
47
48
50
52
53
54
55
61
62
63
65
67
69
73
74
76
77
78
79
80
84
85
86
87
89
90
91
92
93
95
100
101
102
104
105
108
109
110
113
114
116
117
119
125
127
131
134
136
137
138
139
140
143
145
146
150
152
154
160
161
162
163
168
170
172
175
177
178
179
180
184
185
187
188
189
191
193
196
200
203
204
205
213
214
216
218
221
222
223
224
227
229
231
232
235
237
239
240
241
244
246
247
248
249
251
257
258
261
262
263
265
267
268
269
270
271
272
277
281
283
284
285
287
289
292
293
294
296
297
298
300
302
305
306
307
309
310
311
312
314
316
321
322
325
329
330
331
335
337
338
341
343
344
345
347
353
355
357
359
361
363
364
366
372
377
378
379